240
28
225
32
50
247
37
129
214
195
126
69
65
161
205
63
239
179
237
100
87
59
103
202
50
181
91
25
237
166
33
218
70
62
87
30
47
203
106
63
151
181
111
217
40
7
145
204
213
87
120
103
184
224
180
93
204
40
35
9
73
207
208
47
255
20
165
137
2
5
5
131
46
197
101
233
163
125
25
137
40
229
14
51
23
251
12
216
38
33
226
113
81
11
126
38
249
162
124
136
235
125
23
134
210
249
143
43
69
236
164
141
214
176
166
34
31
46
36
88
80
14
140
47
101
207
10
131
172
149
7
232
100
11
230
67
207
6
172
232
99
250
167
206
123
45
106
230
154
21
